 13 4 4
	0 1002 2900 1387 1619	1 195 625 567 inf	2 inf 538 1327 816	3 1692 458 1469 692
	0 1445 591 831 743	1 2311 1080 1994 inf	2 inf 2072 1381 2713	3 820 1548 1582 2369
	0 32 53 27 47	1 650 228 549 inf	2 inf 2288 2391 2647	3 803 1054 763 674
	0 772 1556 879 1392	1 2377 2276 1837 inf	2 inf 1066 873 655	3 3620 3431 2544 3220
	0 1507 2819 2834 3379	1 971 1008 1003 inf	2 inf 769 629 332	3 790 917 1616 1159
	0 4165 1909 2990 3908	1 228 170 415 inf	2 inf 573 518 1060	3 425 302 1111 916
	0 119 57 87 63	1 70 73 72 inf	2 inf 607 158 152	3 1142 2772 1067 2937
	0 2342 3327 3633 1713	1 1803 712 1683 inf	2 inf 34 80 104	3 3070 2233 2907 2074
	0 518 306 215 542	1 1833 1460 4208 inf	2 inf 1098 1905 765	3 2028 671 1987 715
	0 2011 1499 3916 3177	1 1341 2397 1078 inf	2 inf 1582 739 825	3 1115 633 927 538
	0 341 685 457 841	1 862 835 280 inf	2 inf 3330 1116 2888	3 2848 3368 3247 2843
	0 3163 758 1085 2311	1 2267 1328 2366 inf	2 inf 2588 987 3857	3 1017 669 2271 2158
	0 407 729 1104 779	1 2420 1148 625 inf	2 inf 685 721 341	3 468 1477 689 619
