 10 6 6
	0 485 553 466 398 462 602	1 1184 inf 1254 1823 1091 1470	2 inf 1332 1512 1117 inf inf	3 241 138 123 136 169 125	4 258 220 225 inf 223 170	5 341 252 462 345 inf 414
	0 575 571 549 647 621 346	1 118 inf 160 141 192 194	2 inf 1302 805 843 inf inf	3 751 642 558 526 759 677	4 1491 1058 845 inf 1405 1297	5 744 781 1060 1026 inf 690
	0 306 253 316 298 387 427	1 262 inf 341 286 273 322	2 inf 444 380 369 inf inf	3 823 791 1425 989 1101 1192	4 218 371 237 inf 300 249	5 1115 846 841 950 inf 637
	0 360 403 345 339 295 275	1 320 inf 246 259 222 254	2 inf 172 199 199 inf inf	3 1589 1044 1334 927 1616 1560	4 971 1366 1387 inf 1033 1299	5 693 892 1012 587 inf 712
	0 339 507 412 504 283 470	1 892 inf 520 673 601 565	2 inf 187 169 209 inf inf	3 937 557 768 953 902 665	4 241 176 187 inf 258 206	5 149 248 283 229 inf 178
	0 826 1106 1043 995 930 685	1 953 inf 599 1075 1071 961	2 inf 734 898 636 inf inf	3 395 257 242 279 369 360	4 966 754 961 inf 1234 925	5 691 599 1143 1142 inf 939
	0 706 962 696 646 560 961	1 1284 inf 1642 1490 1778 1572	2 inf 1190 1192 1271 inf inf	3 214 147 237 226 196 209	4 801 850 796 inf 630 688	5 19 22 24 24 inf 15
	0 1637 1550 1597 1665 1709 1732	1 1500 inf 1170 1321 1008 1737	2 inf 1094 1158 1474 inf inf	3 1053 889 583 665 1002 640	4 240 197 149 inf 241 209	5 22 18 22 19 inf 23
	0 913 1486 1228 1751 1488 1212	1 1126 inf 988 787 1015 852	2 inf 650 837 819 inf inf	3 1500 1460 1338 1072 1564 1421	4 398 462 303 inf 438 444	5 716 1023 721 958 inf 700
	0 1356 1092 1996 1024 1285 1699	1 935 inf 1400 1267 1579 1126	2 inf 399 355 387 inf inf	3 833 1056 957 944 1219 895	4 837 731 700 inf 841 880	5 1633 911 1150 952 inf 1443
